          0
       3553
       7222
      10956
      14813
      18824
      23039
      27590
      32457
      37828
      43807
      50562
      58346
      67531
      78598
      92495
     110745
     136509
     177559
     261160
     633423
    -337202
      24319
     169811
     377925
    1171574
   -1927452
    -587359
    -359651
    -263813
    -210362
    -176017
    -151919
    -133991
    -120075
    -108961
     -99846
     -92172
     -85637
     -79994
     -75087
     -70722
     -66881
     -63394
     -60254
     -57413
     -54814
     -52416
     -50218
     -48169
     -46271
     -44511
     -42833
     -41307
     -39838
     -38452
     -37152
     -35907
     -34757
     -33635
     -32577
     -31565
     -30596
     -29677
     -28793
     -27945
     -27131
     -26336
     -25598
     -24870
     -24171
     -23489
     -22832
     -22206
     -21607
     -21016
     -20434
     -19870
     -19345
     -18820
     -18321
     -17829
     -17341
     -16881
     -16417
     -15985
     -15565
     -15137
     -14739
     -14327
     -13954
     -13576
     -13206
     -12846
     -12498
     -12161
     -11823
     -11500
     -11179
     -10861
     -10567
     -10268
      -9988
      -9685
      -9410
      -9141
      -8879
      -8634
      -8324
      -8096
      -7852
      -7609
      -7375
      -7169
      -6931
      -6716
      -6495
      -6287
      -6096
      -5886
      -5685
      -5488
      -5304
      -5117
      -4940
      -4762
      -4580
      -4412
      -4249
      -4084
      -3930
      -3773
      -3624
      -3470
      -3332
      -3187
      -3045
      -2902
      -2765
      -2644
      -2523
      -2399
      -2280
      -2171
      -2027
      -1927
      -1822
      -1709
      -1597
      -1494
      -1410
      -1303
      -1215
      -1139
      -1020
       -941
       -864
       -776
       -702
       -618
       -544
       -470
       -402
       -327
       -266
       -201
       -139
        -75
        -18
         43
         93
        150
        198
        247
        315
        335
        376
        418
        458
        499
        537
        564
        605
        632
        659
        685
        718
        742
        764
        791
        807
        823
        843
        856
        875
        878
        896
        905
        917
        927
        934
        935
        944
        951
        949
        951
        954
        952
        946
        944
        935
        930
        931
        914
        910
        883
        891
        882
        869
        860
        839
        830
        817
        792
        781
        772
        748
        721
        703
        682
        681
        647
        626
        612
        584
        536
        531
        512
        482
        459
        434
        408
        383
        358
        331
        309
        270
        246
        223
        202
        170
        131
        110
         83
         61
         25
          0
        -28
        -59
        -81
       -112
       -129
       -172
       -198
       -222
       -249
       -268
       -311
       -332
       -356
       -385
       -404
       -436
       -466
       -484
       -513
       -534
       -541
       -586
       -612
       -626
       -653
       -687
       -686
       -706
       -726
       -749
       -772
       -782
       -798
       -820
       -832
       -841
       -857
       -875
       -887
       -894
       -886
       -910
       -925
       -933
       -937
       -941
       -949
       -949
       -956
       -955
       -956
       -952
       -952
       -947
       -949
       -938
       -934
       -920
       -910
       -900
       -888
       -879
       -860
       -844
       -826
       -808
       -793
       -767
       -742
       -722
       -689
       -663
       -639
       -608
       -569
       -539
       -505
       -464
       -423
       -379
       -336
       -319
       -252
       -200
    