      82174
      82927
      85544
      90119
      97507
     108868
     126806
     157183
     216346
     373434
    1851532
    -563384
    -235351
    -145798
    -104380
     -80752
     -65644
     -55272
     -47811
     -42232
     -37965
     -34686
     -32121
     -30094
     -28531
     -27340
     -26445
     -25852
     -25462
     -25309
     -25359
     -25588
     -26057
     -26731
     -27614
     -28748
     -30130
     -31823
     -33895
     -36386
     -39446
     -43198
     -47814
     -53716
     -61288
     -71418
     -85528
    -106464
    -140645
    -206024
    -380620
   -2302274
     580519
     260302
     168858
     125572
     100370
      83866
      72212
      63569
      56870
      51549
      47216
      43603
      40567
      37960
      35700
      33723
      31977
      30410
      29007
      27748
      26619
      25563
      24601
      23717
      22883
      22099
      21398
      20724
      20103
      19504
      18937
      18412
      17902
      17425
      16955
      16516
      16097
      15682
      15294
      14916
      14564
      14185
      13858
      13521
      13198
      12879
      12572
      12280
      11987
      11694
      11413
      11143
      10875
      10607
      10356
      10097
       9848
       9598
       9357
       9120
       8882
       8650
       8420
       8212
       7969
       7750
       7528
       7314
       7104
       6888
       6685
       6475
       6269
       6059
       5871
       5662
       5467
       5268
       5073
       4885
       4691
       4493
       4309
       4119
       3937
       3759
       3569
       3380
       3207
       3036
       2854
       2679
       2500
       2338
       2152
       1985
       1809
       1641
       1470
       1311
       1145
        990
        801
        646
        491
        330
        176
         13
       -136
       -292
       -442
       -594
       -746
       -901
      -1043
      -1197
      -1335
      -1477
      -1622
      -1771
      -1906
      -2042
      -2165
      -2327
      -2456
      -2592
      -2717
      -2854
      -2980
      -3115
      -3239
      -3361
      -3487
      -3614
      -3732
      -3856
      -3967
      -4088
      -4204
      -4319
      -4428
      -4538
      -4645
      -4756
      -4866
      -4975
      -5073
      -5176
      -5276
      -5377
      -5468
      -5566
      -5662
      -5782
      -5844
      -5942
      -6022
      -6108
      -6191
      -6273
      -6354
      -6431
      -6511
      -6565
      -6660
      -6733
      -6804
      -6874
      -6941
      -7005
      -7070
      -7134
      -7190
      -7255
      -7304
      -7363
      -7411
      -7466
      -7520
      -7559
      -7605
      -7651
      -7687
      -7714
      -7795
      -7808
      -7850
      -7883
      -7912
      -7943
      -7967
      -7978
      -8016
      -8027
      -8083
      -8072
      -8087
      -8108
      -8114
      -8129
      -8133
      -8134
      -8143
      -8143
      -8148
      -8150
      -8141
      -8132
      -8132
      -8127
      -8113
      -8098
      -8087
      -8067
      -8083
      -8029
      -8016
      -7979
      -7968
      -7945
      -7911
      -7885
      -7848
      -7805
      -7794
      -7711
      -7686
      -7651
      -7604
      -7559
      -7518
      -7466
      -7409
      -7359
      -7304
      -7243
      -7190
      -7130
      -7063
      -7007
      -6941
      -6874
      -6802
      -6731
      -6661
      -6567
      -6511
      -6435
      -6357
      -6271
      -6189
      -6113
      -6020
      -5937
      -5845
      -5779
      -5662
      -5563
      -5469
      -5375
      -5277
      -5179
      -5074
      -4970
      -4865
      -4758
      -4649
      -4540
      -4428
      -4315
      -4201
      -4084
      -3966
      -3847
      -3729
      -3607
      -3486
      -3360
      -3238
      -3110
      -2978
      -2856
      -2715
      -2593
      -2454
      -2327
      -2162
      -2041
      -1905
      -1764
      -1620
      -1481
      -1336
      -1191
      -1049
       -889
       -744
       -592
       -445
       -296
       -135
         16
        175
        329
        492
        647
        804
        992
       1148
       1314
       1475
       1644
       1812
       1987
       2152
       2333
       2501
       2679
       2853
       3035
       3208
       3385
       3571
       3757
       3939
       4121
       4310
       4492
       4691
       4884
       5072
       5263
       5467
       5663
       5864
       6068
       6270
       6478
       6686
       6892
       7104
       7316
       7534
       7749
       7972
       8217
       8425
       8650
       8883
       9123
       9363
       9604
       9850
      10104
      10357
      10606
      10878
      11143
      11418
      11705
      11988
      12279
      12579
      12886
      13199
      13525
      13859
      14193
      14569
      14922
      15300
      15690
      16099
      16522
      16959
      17426
      17907
      18419
      18942
      19512
      20106
      20733
      21406
      22107
      22887
      23724
      24608
      25564
      26622
      27747
      29011
      30414
      31978
      33737
      35703
      37954
      40567
      43606
      47222
      51552
      56875
      63576
      72219
      83872
     100375
     125580
     168869
     260303
     580526
   -2302261
    -380610
    -206017
    -140643
    -106457
     -85524
     -71406
     -61280
     -53702
     -47808
     -43182
     -39441
     -36378
     -33885
     -31813
     -30122
     -28740
     -27607
     -26723
     -26057
     -25576
     -25347
     -25294
     -25456
     -25838
     -26429
     -27332
     -28526
     -30074
     -32104
     -34655
     -37952
     -42205
     -47795
     -55254
     -65643
     -80738
    -104364
    -145769
    -235337
    -563350
    1851560
     373461
     216348
     157219
     126827
     108918
      97514
      90180
      85556
      82960
   13159523
     -10141
     -10141
     -10141
     -10141
     -10141
     -10141
     -10141
     -10141
     -10141
     -10141
     -10141
     -10141
     -10141
     -10141
     -10141
     -10141
     -10141
     -10141
     -10141
     -10141
     -10141
     -10141
     -10141
     -10141
     -10141
     -10141
     -10141
     -10141
     -10141
     -10141
     -10141
     -10141
     -10141
     -10141
     -10141
     -10141
     -10141
     -10141
     -10141
     -10141
     -10141
     -10141
     -10141
     -10141
     -10141
     -10141
     -10141
     -10141
     -10141
     -10141
     -10141
     -10141
     -10141
     -10141
     -10141
     -10141
     -10141
     -10141
     -10141
     -10141
     -10141
     -10141
     -10141
     -10141
     -10141
     -10141
     -10141
     -10141
     -10141
     -10141
     -10141
     -10141
     -10141
     -10141
     -10141
     -10141
     -10141
     -10141
     -10141
     -10141
     -10141
     -10141
     -10141
     -10141
     -10141
     -10141
     -10141
     -10141
     -10141
     -10141
     -10141
     -10141
     -10141
     -10141
     -10141
     -10141
     -10141
     -10141
     -10141
     -10141
     -10141
     -10141
     -10141
     -10141
     -10141
     -10141
     -10141
     -10141
     -10141
     -10141
     -10141
     -10141
     -10141
     -10141
     -10141
     -10141
     -10141
     -10141
     -10141
     -10141
     -10141
     -10141
     -10141
     -10141
     -10141
     -10141
     -10141
     -10141
     -10141
     -10141
     -10141
     -10141
     -10141
     -10141
     -10141
     -10141
     -10141
     -10141
     -10141
     -10141
     -10141
     -10141
     -10141
     -10141
     -10141
     -10141
     -10141
     -10141
     -10141
     -10141
     -10141
     -10141
     -10141
     -10141
     -10141
     -10141
     -10141
     -10141
     -10141
     -10141
     -10141
     -10141
     -10141
     -10141
     -10141
     -10141
     -10141
     -10141
     -10141
     -10141
     -10141
     -10141
     -10141
     -10141
     -10141
     -10141
     -10141
     -10141
     -10141
     -10141
     -10141
     -10141
     -10141
     -10141
     -10141
     -10141
     -10141
     -10141
     -10141
     -10141
     -10141
     -10141
     -10141
     -10141
     -10141
     -10141
     -10141
     -10141
     -10141
     -10141
     -10141
     -10141
     -10141
     -10141
     -10141
     -10141
     -10141
     -10141
     -10141
     -10141
     -10141
     -10141
     -10141
     -10141
     -10141
     -10141
     -10141
     -10141
     -10141
     -10141
     -10141
     -10141
     -10141
     -10141
     -10141
     -10141
     -10141
     -10141
     -10141
     -10141
     -10141
     -10141
     -10141
     -10141
     -10141
     -10141
     -10141
     -10141
     -10141
     -10141
     -10141
     -10141
     -10141
     -10141
     -10141
     -10141
     -10141
     -10141
     -10141
     -10141
     -10141
     -10141
     -10141
     -10141
     -10141
     -10141
     -10141
     -10141
     -10141
     -10141
     -10141
     -10141
     -10141
     -10141
     -10141
     -10141
     -10141
     -10141
     -10141
     -10141
     -10141
     -10141
     -10141
     -10141
     -10141
     -10141
     -10141
     -10141
     -10141
     -10141
     -10141
     -10141
     -10141
     -10141
     -10141
     -10141
     -10141
     -10141
     -10141
     -10141
     -10141
     -10141
     -10141
     -10141
     -10141
     -10141
     -10141
     -10141
     -10141
     -10141
     -10141
     -10141
     -10141
     -10141
     -10141
     -10141
     -10141
     -10141
     -10141
     -10141
     -10141
     -10141
     -10141
     -10141
     -10141
     -10141
     -10141
     -10141
     -10141
     -10141
     -10141
     -10141
     -10141
     -10141
     -10141
     -10141
     -10141
     -10141
     -10141
     -10141
     -10141
     -10141
     -10141
     -10141
     -10141
     -10141
     -10141
     -10141
     -10141
     -10141
     -10141
     -10141
     -10141
     -10141
     -10141
     -10141
     -10141
     -10141
     -10141
     -10141
     -10141
     -10141
     -10141
     -10141
     -10141
     -10141
     -10141
     -10141
     -10141
     -10141
     -10141
     -10141
     -10141
     -10141
     -10141
     -10141
     -10141
     -10141
     -10141
     -10141
     -10141
     -10141
     -10141
     -10141
     -10141
     -10141
     -10141
     -10141
     -10141
     -10141
     -10141
     -10141
     -10141
     -10141
     -10141
     -10141
     -10141
     -10141
     -10141
     -10141
     -10141
     -10141
     -10141
     -10141
     -10141
     -10141
     -10141
     -10141
     -10141
     -10141
     -10141
     -10141
     -10141
     -10141
     -10141
     -10141
     -10141
     -10141
     -10141
     -10141
     -10141
     -10141
     -10141
     -10141
     -10141
     -10141
     -10141
     -10141
     -10141
     -10141
     -10141
     -10141
     -10141
     -10141
     -10141
     -10141
     -10141
     -10141
     -10141
     -10141
     -10141
     -10141
     -10141
     -10141
     -10141
     -10141
     -10141
     -10141
     -10141
     -10141
     -10141
     -10141
     -10141
     -10141
     -10141
     -10141
     -10141
     -10141
     -10141
     -10141
     -10141
     -10141
     -10141
     -10141
     -10141
     -10141
     -10141
     -10141
     -10141
     -10141
     -10141
     -10141
     -10141
     -10141
     -10141
     -10141
     -10141
     -10141
     -10141
     -10141
     -10141
     -10141
     -10141
     -10141
     -10141
     -10141
     -10141
     -10141
     -10141
     -10141
     -10141
     -10141
     -10141
     -10141
     -10141
     -10141
     -10141
     -10141
     -10141
     -10141
     -10141
     -10141
     -10141
     -10141
     -10141
     -10141
     -10141
     -10141
     -10141
     -10141
     -10141
     -10141
     -10141
     -10141
     -10141
     -10141
     -10141
     -10141
     -10141
     -10141
     -10141
   13169664
          0
          0
          0
          0
          0
          0
          0
          0
          0
          0
          0
          0
          0
          0
          0
          0
          0
          0
          0
          0
          0
          0
          0
          0
          0
          0
          0
          0
          0
          0
          0
          0
          0
          0
          0
          0
          0
          0
          0
          0
          0
          0
          0
          0
          0
          0
          0
          0
          0
          0
          0
          0
          0
          0
          0
          0
          0
          0
          0
          0
          0
          0
          0
          0
          0
          0
          0
          0
          0
          0
          0
          0
          0
          0
          0
          0
          0
          0
          0
          0
          0
          0
          0
          0
          0
          0
          0
          0
          0
          0
          0
          0
          0
          0
          0
          0
          0
          0
          0
          0
          0
          0
          0
          0
          0
          0
          0
          0
          0
          0
          0
          0
          0
          0
          0
          0
          0
          0
          0
          0
          0
          0
          0
          0
          0
          0
          0
          0
          0
          0
          0
          0
          0
          0
          0
          0
          0
          0
          0
          0
          0
          0
          0
          0
          0
          0
          0
          0
          0
          0
          0
          0
          0
          0
          0
          0
          0
          0
          0
          0
          0
          0
          0
          0
          0
          0
          0
          0
          0
          0
          0
          0
          0
          0
          0
          0
          0
          0
          0
          0
          0
          0
          0
          0
          0
          0
          0
          0
          0
          0
          0
          0
          0
          0
          0
          0
          0
          0
          0
          0
          0
          0
          0
          0
          0
          0
          0
          0
          0
          0
          0
          0
          0
          0
          0
          0
          0
          0
          0
          0
          0
          0
          0
          0
          0
          0
          0
          0
          0
          0
          0
          0
          0
          0
          0
          0
          0
          0
          0
          0
          0
          0
          0
          0
          0
          0
          0
          0
          0
          0
          0
          0
          0
          0
          0
          0
          0
          0
          0
          0
          0
          0
          0
          0
          0
          0
          0
          0
          0
          0
          0
          0
          0
          0
          0
          0
          0
          0
          0
          0
          0
          0
          0
          0
          0
          0
          0
          0
          0
          0
          0
          0
          0
          0
          0
          0
          0
          0
          0
          0
          0
          0
          0
          0
          0
          0
          0
          0
          0
          0
          0
          0
          0
          0
          0
          0
          0
          0
          0
          0
          0
          0
          0
          0
          0
          0
          0
          0
          0
          0
          0
          0
          0
          0
          0
          0
          0
          0
          0
          0
    